x = [1 2 3 4 5];
y = [2 2 3 5 4];
z = x*y'